# Created by Octave 9.2.0, Fri Aug 16 09:16:18 2024 GMT <unknown@Blockchain>
# name: x
# type: matrix
# rows: 1
# columns: 1000
 -1.0000000000000001e-09 -9.9799799799799798e-10 -9.959959959959961e-10 -9.9399399399399401e-10 -9.9199199199199213e-10 -9.8998998998999005e-10 -9.8798798798798796e-10 -9.8598598598598608e-10 -9.83983983983984e-10 -9.8198198198198212e-10 -9.7997997997998003e-10 -9.7797797797797795e-10 -9.7597597597597607e-10 -9.7397397397397398e-10 -9.719719719719721e-10 -9.6996996996997002e-10 -9.6796796796796793e-10 -9.6596596596596605e-10 -9.6396396396396397e-10 -9.6196196196196209e-10 -9.5995995995996e-10 -9.5795795795795812e-10 -9.5595595595595604e-10 -9.5395395395395395e-10 -9.5195195195195207e-10 -9.4994994994994999e-10 -9.4794794794794811e-10 -9.4594594594594602e-10 -9.4394394394394394e-10 -9.4194194194194206e-10 -9.3993993993993997e-10 -9.3793793793793809e-10 -9.3593593593593601e-10 -9.3393393393393392e-10 -9.3193193193193204e-10 -9.2992992992992996e-10 -9.2792792792792797e-10 -9.2592592592592599e-10 -9.2392392392392401e-10 -9.2192192192192203e-10 -9.1991991991991994e-10 -9.1791791791791796e-10 -9.1591591591591598e-10 -9.1391391391391399e-10 -9.1191191191191201e-10 -9.0990990990990993e-10 -9.0790790790790794e-10 -9.0590590590590596e-10 -9.0390390390390398e-10 -9.01901901901902e-10 -8.9989989989989991e-10 -8.9789789789789793e-10 -8.9589589589589595e-10 -8.9389389389389396e-10 -8.9189189189189198e-10 -8.898898898898899e-10 -8.8788788788788791e-10 -8.8588588588588593e-10 -8.8388388388388395e-10 -8.8188188188188197e-10 -8.7987987987987988e-10 -8.778778778778779e-10 -8.7587587587587592e-10 -8.7387387387387393e-10 -8.7187187187187195e-10 -8.6986986986986986e-10 -8.6786786786786788e-10 -8.658658658658659e-10 -8.6386386386386392e-10 -8.6186186186186194e-10 -8.5985985985985985e-10 -8.5785785785785797e-10 -8.5585585585585588e-10 -8.538538538538539e-10 -8.5185185185185192e-10 -8.4984984984984994e-10 -8.4784784784784796e-10 -8.4584584584584587e-10 -8.4384384384384389e-10 -8.4184184184184191e-10 -8.3983983983983992e-10 -8.3783783783783794e-10 -8.3583583583583585e-10 -8.3383383383383387e-10 -8.3183183183183189e-10 -8.2982982982982991e-10 -8.2782782782782793e-10 -8.2582582582582584e-10 -8.2382382382382386e-10 -8.2182182182182187e-10 -8.1981981981981989e-10 -8.1781781781781791e-10 -8.1581581581581582e-10 -8.1381381381381384e-10 -8.1181181181181186e-10 -8.0980980980980988e-10 -8.0780780780780789e-10 -8.0580580580580581e-10 -8.0380380380380383e-10 -8.0180180180180184e-10 -7.9979979979979986e-10 -7.9779779779779788e-10 -7.9579579579579579e-10 -7.9379379379379381e-10 -7.9179179179179183e-10 -7.8978978978978985e-10 -7.8778778778778786e-10 -7.8578578578578578e-10 -7.837837837837838e-10 -7.8178178178178181e-10 -7.7977977977977983e-10 -7.7777777777777785e-10 -7.7577577577577576e-10 -7.7377377377377378e-10 -7.717717717717718e-10 -7.6976976976976982e-10 -7.6776776776776783e-10 -7.6576576576576575e-10 -7.6376376376376387e-10 -7.6176176176176178e-10 -7.597597597597598e-10 -7.5775775775775782e-10 -7.5575575575575573e-10 -7.5375375375375385e-10 -7.5175175175175177e-10 -7.4974974974974979e-10 -7.477477477477478e-10 -7.4574574574574572e-10 -7.4374374374374384e-10 -7.4174174174174175e-10 -7.3973973973973977e-10 -7.3773773773773779e-10 -7.357357357357357e-10 -7.3373373373373382e-10 -7.3173173173173174e-10 -7.2972972972972976e-10 -7.2772772772772777e-10 -7.2572572572572579e-10 -7.2372372372372381e-10 -7.2172172172172172e-10 -7.1971971971971974e-10 -7.1771771771771776e-10 -7.1571571571571578e-10 -7.1371371371371379e-10 -7.1171171171171171e-10 -7.0970970970970973e-10 -7.0770770770770774e-10 -7.0570570570570576e-10 -7.0370370370370378e-10 -7.0170170170170169e-10 -6.9969969969969981e-10 -6.9769769769769773e-10 -6.9569569569569575e-10 -6.9369369369369376e-10 -6.9169169169169168e-10 -6.896896896896898e-10 -6.8768768768768771e-10 -6.8568568568568573e-10 -6.8368368368368375e-10 -6.8168168168168166e-10 -6.7967967967967978e-10 -6.776776776776777e-10 -6.7567567567567571e-10 -6.7367367367367373e-10 -6.7167167167167165e-10 -6.6966966966966977e-10 -6.6766766766766768e-10 -6.656656656656657e-10 -6.6366366366366372e-10 -6.6166166166166163e-10 -6.5965965965965975e-10 -6.5765765765765767e-10 -6.5565565565565568e-10 -6.536536536536537e-10 -6.5165165165165162e-10 -6.4964964964964974e-10 -6.4764764764764765e-10 -6.4564564564564567e-10 -6.4364364364364369e-10 -6.416416416416416e-10 -6.3963963963963972e-10 -6.3763763763763764e-10 -6.3563563563563565e-10 -6.3363363363363367e-10 -6.3163163163163169e-10 -6.2962962962962971e-10 -6.2762762762762762e-10 -6.2562562562562564e-10 -6.2362362362362366e-10 -6.2162162162162167e-10 -6.1961961961961969e-10 -6.1761761761761761e-10 -6.1561561561561562e-10 -6.1361361361361364e-10 -6.1161161161161166e-10 -6.0960960960960968e-10 -6.0760760760760759e-10 -6.0560560560560571e-10 -6.0360360360360363e-10 -6.0160160160160164e-10 -5.9959959959959966e-10 -5.9759759759759758e-10 -5.955955955955957e-10 -5.9359359359359361e-10 -5.9159159159159163e-10 -5.8958958958958965e-10 -5.8758758758758756e-10 -5.8558558558558568e-10 -5.835835835835836e-10 -5.8158158158158161e-10 -5.7957957957957963e-10 -5.7757757757757755e-10 -5.7557557557557567e-10 -5.7357357357357358e-10 -5.715715715715716e-10 -5.6956956956956962e-10 -5.6756756756756753e-10 -5.6556556556556565e-10 -5.6356356356356357e-10 -5.6156156156156158e-10 -5.595595595595596e-10 -5.5755755755755752e-10 -5.5555555555555564e-10 -5.5355355355355355e-10 -5.5155155155155157e-10 -5.4954954954954959e-10 -5.475475475475475e-10 -5.4554554554554562e-10 -5.4354354354354354e-10 -5.4154154154154155e-10 -5.3953953953953957e-10 -5.3753753753753759e-10 -5.3553553553553561e-10 -5.3353353353353352e-10 -5.3153153153153154e-10 -5.2952952952952956e-10 -5.2752752752752757e-10 -5.2552552552552559e-10 -5.235235235235235e-10 -5.2152152152152152e-10 -5.1951951951951954e-10 -5.1751751751751756e-10 -5.1551551551551558e-10 -5.1351351351351349e-10 -5.1151151151151151e-10 -5.0950950950950952e-10 -5.0750750750750754e-10 -5.0550550550550556e-10 -5.0350350350350358e-10 -5.0150150150150149e-10 -4.9949949949949951e-10 -4.9749749749749753e-10 -4.9549549549549554e-10 -4.9349349349349356e-10 -4.9149149149149148e-10 -4.8948948948948949e-10 -4.8748748748748751e-10 -4.8548548548548553e-10 -4.8348348348348355e-10 -4.8148148148148146e-10 -4.7947947947947948e-10 -4.774774774774775e-10 -4.7547547547547551e-10 -4.7347347347347353e-10 -4.7147147147147145e-10 -4.6946946946946946e-10 -4.6746746746746748e-10 -4.654654654654655e-10 -4.6346346346346352e-10 -4.6146146146146153e-10 -4.5945945945945945e-10 -4.5745745745745747e-10 -4.5545545545545548e-10 -4.534534534534535e-10 -4.5145145145145152e-10 -4.4944944944944943e-10 -4.4744744744744745e-10 -4.4544544544544547e-10 -4.4344344344344349e-10 -4.414414414414415e-10 -4.3943943943943942e-10 -4.3743743743743744e-10 -4.3543543543543545e-10 -4.3343343343343347e-10 -4.3143143143143149e-10 -4.294294294294294e-10 -4.2742742742742742e-10 -4.2542542542542544e-10 -4.2342342342342346e-10 -4.2142142142142147e-10 -4.1941941941941939e-10 -4.1741741741741741e-10 -4.1541541541541542e-10 -4.1341341341341344e-10 -4.1141141141141146e-10 -4.0940940940940948e-10 -4.0740740740740739e-10 -4.0540540540540541e-10 -4.0340340340340343e-10 -4.0140140140140144e-10 -3.9939939939939946e-10 -3.9739739739739738e-10 -3.9539539539539539e-10 -3.9339339339339341e-10 -3.9139139139139143e-10 -3.8938938938938945e-10 -3.8738738738738736e-10 -3.8538538538538538e-10 -3.833833833833834e-10 -3.8138138138138141e-10 -3.7937937937937943e-10 -3.7737737737737735e-10 -3.7537537537537536e-10 -3.7337337337337338e-10 -3.713713713713714e-10 -3.6936936936936942e-10 -3.6736736736736743e-10 -3.6536536536536535e-10 -3.6336336336336337e-10 -3.6136136136136138e-10 -3.593593593593594e-10 -3.5735735735735742e-10 -3.5535535535535533e-10 -3.5335335335335335e-10 -3.5135135135135137e-10 -3.4934934934934939e-10 -3.473473473473474e-10 -3.4534534534534532e-10 -3.4334334334334333e-10 